               Open     High      Low    Close  Volume  Adj Close
Date                                                             
2005-11-04  25.4500  25.4800  25.4000  25.4000  797000    15.1573
2005-11-07  25.4800  25.4800  25.4000  25.4000   13200    15.1573
2005-11-08  25.4000  25.4100  25.4000  25.4100   26500    15.1633
2005-11-09  25.4000  25.4100  25.4000  25.4100  210000    15.1633
2005-11-10  25.4300  25.4750  25.4200  25.4600  700000    15.1931
2005-11-11  25.5000  25.5000  25.5000  25.5000    1900    15.2170
2005-11-14  25.5500  25.5500  25.5500  25.5500    2000    15.2468
2005-11-15  25.3700  25.5700  25.3500  25.5500  196400    15.2468
2005-11-16  25.5500  25.5500  25.5500  25.5500     800    15.2468
2005-11-17  25.5400  25.5400  25.5400  25.5400     300    15.2409
2005-11-18  25.4300  25.4300  25.4300  25.4300    5000    15.1752
2005-11-21  25.5500  25.5500  25.4100  25.4100    2500    15.1633
2005-11-22  25.5500  25.5500  25.5500  25.5500    3000    15.2468
2005-11-23  25.5500  25.5500  25.5500  25.5500    7400    15.2468
2005-11-25  25.5500  25.5500  25.5500  25.5500       0    15.2468
2005-11-28  25.5700  25.5700  25.5700  25.5700     100    15.2588
2005-11-29  25.5200  25.7500  25.5200  25.6500  564000    15.3065
2005-11-30  25.7500  25.7500  25.5300  25.7000   32400    15.3363
2005-12-01  25.7000  25.7000  25.7000  25.7000       0    15.3363
2005-12-02  25.7400  25.7500  25.7400  25.7500    2700    15.3662
2005-12-05  25.5500  25.5500  25.5500  25.5500    3900    15.2468
2005-12-06  25.6300  25.6700  25.6250  25.6700  261200    15.3184
2005-12-07  25.6300  25.7700  25.6300  25.7700    1400    15.3781
2005-12-08  26.0000  26.0000  25.8000  25.8000    1300    15.3960
2005-12-09  25.6000  25.7500  25.6000  25.7500    2600    15.3662
2005-12-12  25.7500  25.7500  25.7500  25.7500       0    15.3662
2005-12-13  25.7200  25.7500  25.7200  25.7500  400000    15.3662
2005-12-14  25.7500  25.7500  25.7500  25.7500       0    15.3662
2005-12-15  25.7300  25.8000  25.7300  25.8000  131400    15.3960
2005-12-16  25.8000  25.8000  25.8000  25.8000       0    15.3960
...             ...      ...      ...      ...     ...        ...
2015-07-16  20.7402  20.8897  20.7402  20.8897    2900    20.6370
2015-07-17  20.9490  20.9600  20.8680  20.9600    6200    20.7065
2015-07-20  20.8690  20.9500  20.8500  20.9400    4900    20.6867
2015-07-21  20.9000  20.9100  20.8100  20.9000    5200    20.6472
2015-07-22  20.6600  20.6700  20.6399  20.6500    5400    20.6500
2015-07-23  20.5900  20.6600  20.5800  20.6600    3400    20.6600
2015-07-24  20.6600  20.6600  20.5400  20.5500    6000    20.5500
2015-07-27  20.4800  20.5400  20.3300  20.4400    3600    20.4400
2015-07-28  20.4600  20.4899  20.4400  20.4899    3200    20.4899
2015-07-29  20.5000  20.8300  20.5000  20.8300    3700    20.8300
2015-07-30  20.8000  20.8000  20.7999  20.8000    2800    20.8000
2015-07-31  20.7200  20.9100  20.7200  20.7900    9000    20.7900
2015-08-03  20.9299  20.9300  20.8100  20.9300    3400    20.9300
2015-08-04  20.8800  20.9300  20.8200  20.8200    5800    20.8200
2015-08-05  20.9000  20.9000  20.7900  20.8700    5400    20.8700
2015-08-06  20.9000  20.9000  20.6500  20.8700    1800    20.8700
2015-08-07  20.8900  20.9556  20.6900  20.9400    8600    20.9400
2015-08-10  20.9500  20.9600  20.8740  20.9600   13300    20.9600
2015-08-11  20.9500  20.9700  20.9100  20.9700   13500    20.9700
2015-08-12  20.9000  20.9001  20.8000  20.9000    7000    20.9000
2015-08-13  20.8565  20.9400  20.8300  20.8900   11500    20.8900
2015-08-14  20.8300  20.9180  20.8300  20.8640    3800    20.8640
2015-08-17  20.8501  20.8501  20.8500  20.8501    2500    20.8501
2015-08-18  20.9100  20.9200  20.8700  20.9200    2800    20.9200
2015-08-19  20.8400  20.9300  20.8400  20.9200    4900    20.9200
2015-08-20  20.8100  20.8900  20.7500  20.8100   18000    20.8100
2015-08-21  20.7500  20.8800  20.7100  20.8599    7100    20.8599
2015-08-24  20.4000  20.7499  19.7400  19.8100   18100    19.8100
2015-08-25  20.3499  20.3499  20.0000  20.0000    4200    20.0000
2015-08-26  20.0680  20.2100  20.0400  20.0999    7500    20.0999

[2460 rows x 6 columns]